73
377
75
10
4
811189573675941
4
18070339
3
349525
34
27336
408
9
4859
100227707384836924
22482
4
5
466
6
4505
130
3
22
0
6093468204
1256
10
508
37891
881224284460534
1247960066
0
811149437
125122651255651816
1072279573
266533661
193
10
119
867
10153596014
965127874845787
752368
192
2400
202
9553
1624041
1
120000000000000000
72057594037927938
38
14
25
234
10280
110
5
187064
5210
93682
5
152
3365645
405
8
2829954004
3
9508
8
28937
10
387
1500
9
2
5
84525971
14198
4924
100
3225
55
1048472620445
1907741
6000000000000000000
8
2700890580
5
875
287
9290
6
17639
9
1381991145651732
2196
9
