1
30 5
10 1 2 3 4 5 6 7 8 9 10
10 1 2 3 4 5 6 7 8 9 10
10 1 2 3 4 5 6 7 8 9 10
10 1 2 3 4 5 6 7 8 9 10
10 1 2 3 4 5 6 7 8 9 10
10 1 2 3 4 5 6 7 8 9 10
10 11 12 13 14 15 16 17 18 19 20
10 11 12 13 14 15 16 17 18 19 20
10 11 12 13 14 15 16 17 18 19 20
10 11 12 13 14 15 16 17 18 19 20
10 11 12 13 14 15 16 17 18 19 20
10 11 12 13 14 15 16 17 18 19 20
10 21 22 23 24 25 26 27 28 29 30
10 21 22 23 24 25 26 27 28 29 30
10 21 22 23 24 25 26 27 28 29 30
10 21 22 23 24 25 26 27 28 29 30
10 21 22 23 24 25 26 27 28 29 30
10 21 22 23 24 25 26 27 28 29 30
10 31 32 33 34 35 36 37 38 39 40
10 31 32 33 34 35 36 37 38 39 40
10 31 32 33 34 35 36 37 38 39 40
10 31 32 33 34 35 36 37 38 39 40
10 31 32 33 34 35 36 37 38 39 40
10 31 32 33 34 35 36 37 38 39 40
10 41 42 43 44 45 46 47 48 49 50
10 41 42 43 44 45 46 47 48 49 50
10 41 42 43 44 45 46 47 48 49 50
10 41 42 43 44 45 46 47 48 49 50
10 41 42 43 44 45 46 47 48 49 50
10 91 92 93 94 95 96 97 98 99 100
